%molecule
0 1
C        0.000000    1.076294    0.142865
C        0.000000   -1.076294    0.142865
C       -1.076294    0.000000   -0.142865
C        1.076294    0.000000   -0.142865
H        0.000000    1.979204   -0.465165
H        0.000000    1.359222    1.195822
H        0.000000   -1.979204   -0.465165
H        0.000000   -1.359222    1.195822
H       -1.979204    0.000000    0.465165
H       -1.359222    0.000000   -1.195822
H        1.979204    0.000000    0.465165
H        1.359222    0.000000   -1.195822
%end
