%molecule
0 1
C        0.000000    0.000000    1.456669
C        0.000000    0.000000    0.122627
H        0.000000    0.923325    2.020795
H        0.000000   -0.923325    2.020795
C        0.000000    1.272659   -0.677996
H        0.000000    2.151916   -0.035890
H        0.877385    1.319634   -1.327409
H       -0.877385    1.319634   -1.327409
C        0.000000   -1.272659   -0.677996
H        0.000000   -2.151916   -0.035890
H       -0.877385   -1.319634   -1.327409
H        0.877385   -1.319634   -1.327409
%end
