%molecule
0 1
C      0.00000000      1.26579003     -0.25978406
H     -0.88148136      1.29877417     -0.90408063
H      0.88148136      1.29877417     -0.90408063
H      0.00000000      2.16649946      0.35580597
C      0.00000000      0.00000000      0.59291567
H      0.87549229      0.00000000      1.24774002
H     -0.87549229      0.00000000      1.24774002
C      0.00000000     -1.26579003     -0.25978406
H      0.88148136     -1.29877417     -0.90408063
H      0.00000000     -2.16649946      0.35580597
H     -0.88148136     -1.29877417     -0.90408063
%end
 
