$coord
   -2.29217103772281     -1.28482993523243     -0.58037587286115      c
   -0.55500775295254      0.66246033927317      0.42864988051495      c
   -0.89037161078911      0.83717143179678      3.04478469719674      f
   -1.28024045757652      3.00329711230796     -0.49087924794379      f
    2.22421402156814      0.27065464301048     -0.09531461675940      c
   -4.27112787332059     -0.82679500148857     -0.79140361960910      h
   -1.64393801494045     -3.20037326470798     -0.85827748015669      h
    2.56361318393759      0.24661809508308     -2.12735969547774      h
    2.84814707145004     -1.51773451657806      0.71566489712308      h
    3.29688247034625      1.80953109653559      0.75451105797312      h
$redundant
     number_of_atoms            10
     degrees_of_freedom         24
     internal_coordinates       24
     frozen_coordinates          0
# definitions of redundant internals
   1 k  1.0000000000000 stre    2    4           val=   2.61744
   2 k  1.0000000000000 stre    2    3           val=   2.64332
   3 k  0.0079018101544 bend    3    4    2      val=   0.07924
       -0.5034485490856 bend    1    4    2
       -0.4987243758421 bend    1    3    2
        0.5088681332606 bend    5    4    2
        0.4886761092101 bend    5    3    2
   4 k  0.0143957130483 bend    3    4    2      val=   0.40377
       -0.5146979201813 bend    1    4    2
        0.5059707274056 bend    1    3    2
       -0.4863232437182 bend    5    4    2
        0.4923028946033 bend    5    3    2
   5 k  0.9146526363251 bend    3    4    2      val=   4.56580
       -0.1942410814222 bend    1    4    2
       -0.2012658267448 bend    1    3    2
       -0.1958124727981 bend    5    4    2
       -0.2164035573480 bend    5    3    2
   6 k -0.0061348367972 bend    3    4    2      val=   0.31923
       -0.4812068607443 bend    1    4    2
        0.4976350078855 bend    1    3    2
        0.5059112757376 bend    5    4    2
       -0.5146022745368 bend    5    3    2
   7 k  1.0000000000000 tors    7    1    2    5 val= 113.37685
        1.0000000000000 tors    6    1    2    5
   8 k  1.0000000000000 stre    1    7           val=   2.04126
   9 k  1.0000000000000 stre    1    6           val=   2.04220
  10 k  0.8168258080499 bend    6    7    1      val=   0.41202
       -0.4156656686127 bend    2    7    1
       -0.4000220634420 bend    2    6    1
  11 k -0.0060014529930 bend    6    7    1      val=   0.03423
       -0.6995033846430 bend    2    7    1
        0.7146040843956 bend    2    6    1
  12 k  1.0000000000000 outp    7    2    6    1 val=   7.11323
  13 k  1.0000000000000 tors   10    5    2    1 val=  60.48967
        1.0000000000000 tors    8    5    2    1
        1.0000000000000 tors    9    5    2    1
  14 k  1.0000000000000 stre    5   10           val=   2.05936
  15 k  1.0000000000000 stre    5    8           val=   2.06033
  16 k  1.0000000000000 stre    5    9           val=   2.06042
  17 k  0.4084231212643 bend    8   10    5      val=   0.26988
        0.4049938321649 bend    9   10    5
        0.4173129587978 bend    9    8    5
       -0.4076660636401 bend    2   10    5
       -0.4051253410056 bend    2    8    5
       -0.4058352904515 bend    2    9    5
  18 k  0.3579533657005 bend    8   10    5      val=   0.29703
        0.3514764534345 bend    9   10    5
       -0.6947892639061 bend    9    8    5
        0.4188762491477 bend    2   10    5
       -0.2105500705669 bend    2    8    5
       -0.2140395409961 bend    2    9    5
  19 k -0.6458309608717 bend    8   10    5      val=   0.04448
        0.6521557710152 bend    9   10    5
       -0.0025468164759 bend    9    8    5
        0.0010923627564 bend    2   10    5
       -0.2823750931953 bend    2    8    5
        0.2790194393292 bend    2    9    5
  20 k  0.2141451333519 bend    8   10    5      val=   0.32011
        0.2093748532041 bend    9   10    5
       -0.4193991492170 bend    9    8    5
       -0.7007112604958 bend    2   10    5
        0.3441578467021 bend    2    8    5
        0.3535074147896 bend    2    9    5
  21 k  0.2791779696692 bend    8   10    5      val=   0.01820
       -0.2822074487607 bend    9   10    5
        0.0026872982658 bend    9    8    5
        0.0056824517826 bend    2   10    5
       -0.6513610402145 bend    2    8    5
        0.6466126356450 bend    2    9    5
  22 k  1.0000000000000 stre    2    1           val=   2.79782
  23 k  1.0000000000000 stre    2    5           val=   2.85519
  24 k  1.0000000000000 bend    5    1    2      val= 116.27531
        24 non zero eigenvalues  of BmBt
           1           5.936944636    1    0
         1
           2           3.997395366    2    0
         2
           3           3.812481204    3    0
         3
           4           3.226240403    4    0
         4
           5           3.196082684    5    0
         5
           6           2.978234562    6    0
         6
           7           2.260165019    7    0
         7
           8           1.959782702    8    0
         8
           9           1.686576027    9    0
         9
          10           0.910758956   10    0
        10
          11           0.877601788   11    0
        11
          12           0.746628458   12    0
        12
          13           0.706099054   13    0
        13
          14           0.681151009   14    0
        14
          15           0.634932777   15    0
        15
          16           0.423285007   16    0
        16
          17           0.366833685   17    0
        17
          18           0.317417674   18    0
        18
          19           0.285606870   19    0
        19
          20           0.266978220   20    0
        20
          21           0.230083826   21    0
        21
          22           0.215726564   22    0
        22
          23           0.105960987   23    0
        23
          24           0.063427148   24    0
        24
$user-defined bonds
$end
