#########################
# (C5H5N)2  
#########################
%molecule
0 1
N 1.3980380 0.0000000 0.0000000
C 0.6985370 1.1401300 0.0000000
C -0.6941820 1.1953400 0.0000000
C -1.4067470 0.0000000 0.0000000
C -0.6941820 -1.1953400 0.0000000
C 0.6985370 -1.1401300 0.0000000
H 1.2816690 2.0568850 0.0000000
H -1.1999250 2.1525480 0.0000000
H -2.4885470 0.0000000 0.0000000
H -1.1999250 -2.1525480 0.0000000
H 1.2816690 -2.0568850 0.0000000
N -1.3980380 0.0000000 3.7000000
C -0.6985370 1.1401300 3.7000000
C 0.6941820 1.1953400 3.7000000
C 1.4067470 0.0000000 3.7000000
C 0.6941820 -1.1953400 3.7000000
C -0.6985370 -1.1401300 3.7000000
H -1.2816690 2.0568850 3.7000000
H 1.1999250 2.1525480 3.7000000
H 2.4885470 0.0000000 3.7000000
H 1.1999250 -2.1525480 3.7000000
H -1.2816690 -2.0568850 3.7000000
%end
