#########################
# p-(C6H6)2  
#########################
%molecule
0 1
C -0.8000000 1.8000000 1.3915000
H -0.8000000 1.8000000 2.4715000
C 0.4050700 1.8000000 0.6957500
H 1.3403800 1.8000000 1.2357500
C -2.0050700 1.8000000 0.6957500
H -2.9403800 1.8000000 1.2357500
C 0.4050700 1.8000000 -0.6957500
H 1.3403800 1.8000000 -1.2357500
C -2.0050700 1.8000000 -0.6957500
H -2.9403800 1.8000000 -1.2357500
C -0.8000000 1.8000000 -1.3915000
H -0.8000000 1.8000000 -2.4715000
C 0.8000000 -1.8000000 -1.3915000
C 2.0050700 -1.8000000 -0.6957500
H 2.9403800 -1.8000000 -1.2357500
H 0.8000000 -1.8000000 -2.4715000
C 2.0050700 -1.8000000 0.6957500
H 2.9403800 -1.8000000 1.2357500
C 0.8000000 -1.8000000 1.3915000
H 0.8000000 -1.8000000 2.4715000
C -0.4050700 -1.8000000 0.6957500
H -1.3403800 -1.8000000 1.2357500
C -0.4050700 -1.8000000 -0.6957500
H -1.3403800 -1.8000000 -1.2357500
%end
