#########################
# T-(C6H6)2  
#########################
%molecule
0 1
C 1.3915000 0.0000000 2.4957500
H 2.4715000 0.0000000 2.4957500
C 0.6957500 1.2050700 2.4957500
H 1.2357500 2.1403800 2.4957500
C 0.6957500 -1.2050700 2.4957500
H 1.2357500 -2.1403800 2.4957500
C -0.6957500 1.2050700 2.4957500
H -1.2357500 2.1403800 2.4957500
C -0.6957500 -1.2050700 2.4957500
H -1.2357500 -2.1403800 2.4957500
C -1.3915000 0.0000000 2.4957500
H -2.4715000 0.0000000 2.4957500
C 0.0000000 0.0000000 -1.1042500
C 0.0000000 -1.2050700 -1.8000000
H 0.0000000 -2.1403800 -1.2600000
H 0.0000000 0.0000000 -0.0242500
C 0.0000000 -1.2050700 -3.1915000
H 0.0000000 -2.1403800 -3.7315000
C 0.0000000 0.0000000 -3.8872500
H 0.0000000 0.0000000 -4.9672500
C 0.0000000 1.2050700 -3.1915000
H 0.0000000 2.1403800 -3.7315000
C 0.0000000 1.2050700 -1.8000000
H 0.0000000 2.1403800 -1.2600000
%end
