#########################
# (C6H6)2  
#########################
%molecule
0 1
C 0.0000000 1.9500000 1.3915000
H 0.0000000 1.9500000 2.4715000
C 1.2050700 1.9500000 0.6957500
H 2.1403800 1.9500000 1.2357500
C 1.2050700 1.9500000 -0.6957500
H 2.1403800 1.9500000 -1.2357500
C 0.0000000 1.9500000 -1.3915000
H 0.0000000 1.9500000 -2.4715000
C -1.2050700 1.9500000 -0.6957500
H -2.1403800 1.9500000 -1.2357500
C -1.2050700 1.9500000 0.6957500
H -2.1403800 1.9500000 1.2357500
C -1.2050700 -1.9500000 -0.6957500
H -2.1403800 -1.9500000 -1.2357500
C 0.0000000 -1.9500000 -1.3915000
H 0.0000000 -1.9500000 -2.4715000
C 1.2050700 -1.9500000 -0.6957500
H 2.1403800 -1.9500000 -1.2357500
C 1.2050700 -1.9500000 0.6957500
H 2.1403800 -1.9500000 1.2357500
C 0.0000000 -1.9500000 1.3915000
H 0.0000000 -1.9500000 2.4715000
C -1.2050700 -1.9500000 0.6957500
H -2.1403800 -1.9500000 1.2357500
%end
