$coord
   -3.55355955155005      0.00210475704926      0.62101887932821      c
   -1.06338948371456      0.01683162301080     -0.80437149556384      c
    1.06156875808672      0.04571976273400      0.65074708657729      n
   -0.97444629915836      0.01691016478857     -3.10981282839258      o
    0.88932747422833     -0.05728185577266      2.54039006709375      h
    3.57484263007377     -0.00349118536438     -0.45686220093430      c
   -4.66314412566161      1.63483646784161      0.02789132507472      h
   -3.33905556393391      0.04493289483064      2.67162964316968      h
   -4.60813869108190     -1.68828063450767      0.09078331990717      h
    3.66393161212519      1.31829611283313     -2.03307937707716      h
    4.06234582110707     -1.88098831758999     -1.17055555293640      h
    4.94971741947929      0.55041021014670      0.97222113375347      h
$redundant
     number_of_atoms            12
     degrees_of_freedom         30
     internal_coordinates       30
     frozen_coordinates          0
# definitions of redundant internals
   1 k  1.0000000000000 stre    2    4           val=   2.30716
   2 k  0.7071079728282 bend    3    4    2      val=   0.09756
       -0.7071055895429 bend    1    4    2
   3 k  1.0000000000000 outp    4    1    3    2 val=   0.33093
   4 k  1.0000000000000 stre    3    5           val=   1.90027
   5 k  0.7072278516427 bend    2    5    3      val=   0.13498
       -0.7069856899972 bend    6    5    3
   6 k  1.0000000000000 outp    5    6    2    3 val=  -4.82279
   7 k  1.0000000000000 tors    7    1    2    3 val= 120.84823
        1.0000000000000 tors    9    1    2    3
        1.0000000000000 tors    8    1    2    3
   8 k  1.0000000000000 stre    1    7           val=   2.06126
   9 k  1.0000000000000 stre    1    9           val=   2.06172
  10 k  1.0000000000000 stre    1    8           val=   2.06224
  11 k  0.3366674558478 bend    9    7    1      val=   0.79860
        0.4499263699027 bend    8    7    1
        0.4506218204059 bend    8    9    1
       -0.4116146163700 bend    2    7    1
       -0.4111345085903 bend    2    9    1
       -0.3777606176536 bend    2    8    1
  12 k  0.7206721023814 bend    9    7    1      val=   2.13677
       -0.2806522468556 bend    8    7    1
       -0.2900410577989 bend    8    9    1
        0.2079536170675 bend    2    7    1
        0.2013418934094 bend    2    9    1
       -0.4836930401421 bend    2    8    1
  13 k  0.0063923316865 bend    9    7    1      val=   0.01322
       -0.6614443262992 bend    8    7    1
        0.6554465864927 bend    8    9    1
       -0.2566128073112 bend    2    7    1
        0.2588143074672 bend    2    9    1
       -0.0023097470549 bend    2    8    1
  14 k  0.4711875302729 bend    9    7    1      val=   1.21547
       -0.2123136979329 bend    8    7    1
       -0.2222604004628 bend    8    9    1
       -0.3581327879561 bend    2    7    1
       -0.3405393633040 bend    2    9    1
        0.6627815383690 bend    2    8    1
  15 k  0.0053419633180 bend    9    7    1      val=   0.02311
       -0.2601238317033 bend    8    7    1
        0.2552505349264 bend    8    9    1
        0.6530327451066 bend    2    7    1
       -0.6637745285749 bend    2    9    1
        0.0102873252764 bend    2    8    1
  16 k  1.0000000000000 tors   12    6    3    2 val=  44.84208
        1.0000000000000 tors   10    6    3    2
        1.0000000000000 tors   11    6    3    2
  17 k  1.0000000000000 stre    6   12           val=   2.05897
  18 k  1.0000000000000 stre    6   10           val=   2.05901
  19 k  1.0000000000000 stre    6   11           val=   2.06688
  20 k  0.4064199198602 bend   10   12    6      val=   0.67564
        0.4300097477740 bend   11   12    6
        0.4033203343266 bend   11   10    6
       -0.3959063259776 bend    3   12    6
       -0.4098745493288 bend    3   10    6
       -0.4031230684819 bend    3   11    6
  21 k  0.2167620770763 bend   10   12    6      val=   0.25480
        0.4427030403263 bend   11   12    6
       -0.6797512599063 bend   11   10    6
        0.4426898610833 bend    3   12    6
       -0.2840767633291 bend    3   10    6
       -0.1352498580913 bend    3   11    6
  22 k  0.7160412974382 bend   10   12    6      val=   0.94885
       -0.5525770175787 bend   11   12    6
       -0.1356421583029 bend   11   10    6
        0.0578299645151 bend    3   12    6
        0.2490883130973 bend    3   10    6
       -0.3132976418364 bend    3   11    6
  23 k  0.1210973563326 bend   10   12    6      val=   0.97846
        0.3104898232571 bend   11   12    6
       -0.4284570423193 bend   11   10    6
       -0.6608833991834 bend    3   12    6
        0.4862658062592 bend    3   10    6
        0.1792617114080 bend    3   11    6
  24 k  0.3219853435372 bend   10   12    6      val=   0.98331
       -0.2284903124952 bend   11   12    6
       -0.0888236590809 bend   11   10    6
       -0.1880632880257 bend    3   12    6
       -0.5331267987191 bend    3   10    6
        0.7187739487593 bend    3   11    6
  25 k  1.0000000000000 tors    1    2    3    6 val= 178.37788
  26 k  1.0000000000000 stre    2    1           val=   2.86930
  27 k  1.0000000000000 bend    3    1    2      val= 115.81207
  28 k  1.0000000000000 stre    3    6           val=   2.74696
  29 k  1.0000000000000 bend    2    6    3      val= 121.79287
  30 k  1.0000000000000 stre    2    3           val=   2.57559
        30 non zero eigenvalues  of BmBt
           1           7.203393629    1    0
         1
           2           4.322885953    2    0
         2
           3           3.912341569    3    0
         3
           4           3.849760910    4    0
         4
           5           3.538223604    5    0
         5
           6           3.429481386    6    0
         6
           7           2.834967039    7    0
         7
           8           2.802022414    8    0
         8
           9           2.446894589    9    0
         9
          10           2.152619887   10    0
        10
          11           1.436289049   11    0
        11
          12           1.328070607   12    0
        12
          13           0.885789025   13    0
        13
          14           0.873628063   14    0
        14
          15           0.701461214   15    0
        15
          16           0.701280014   16    0
        16
          17           0.697720682   17    0
        17
          18           0.695692004   18    0
        18
          19           0.624225456   19    0
        19
          20           0.458208885   20    0
        20
          21           0.358157295   21    0
        21
          22           0.332896877   22    0
        22
          23           0.309226588   23    0
        23
          24           0.299795607   24    0
        24
          25           0.267706202   25    0
        25
          26           0.255419216   26    0
        26
          27           0.233249523   27    0
        27
          28           0.085286534   28    0
        28
          29           0.054811838   29    0
        29
          30           0.036704436   30    0
        30
$user-defined bonds
$end
