#########################
# P-10 
#########################
%molecule
0 1
C -5.5415400 -0.2215900 0.0068000
C -4.3478400 0.4093900 0.0045400
C -3.0725700 -0.2773200 0.0026200
C -1.8711100 0.3601400 -0.0287400
C -0.6010300 -0.3193400 -0.0305000
C 0.6009700 0.3195800 0.0308900
C 1.8710600 -0.3599500 0.0290600
C 3.0726100 0.2773600 -0.0027300
C 4.3478200 -0.4095100 -0.0046800
C 5.5416100 0.2213100 -0.0071900
H -6.4707500 0.3305200 0.0057800
H -5.6044500 -1.3027400 0.0082500
H -4.3222200 1.4956500 0.0010000
H -3.0920400 -1.3649500 0.0141600
H -1.8554800 1.4481000 -0.0349500
H -0.6153200 -1.4069000 -0.0598300
H 0.6152800 1.4071400 0.0601900
H 1.8553500 -1.4479000 0.0356200
H 3.0922200 1.3649800 -0.0146300
H 4.3220600 -1.4957700 -0.0009600
H 6.4707400 -0.3309300 -0.0061900
H 5.6046700 1.3024500 -0.0088400
%end
