#########################
# P-10H  
#########################
%molecule
1 1
C -5.5244500 0.0285700 0.0040700
C -4.1290800 -0.4732900 0.0039000
C -3.0139700 0.3169200 0.0164800
C -1.7179000 -0.2561900 0.0092800
C -0.5371200 0.4729700 -0.0102500
C 0.6989400 -0.1754700 -0.0352700
C 1.9402400 0.4820600 -0.0233600
C 3.1188300 -0.2357900 0.0002300
C 4.4210100 0.3542900 0.0147600
C 5.5386200 -0.4159300 0.0165500
H -6.0568700 -0.3517700 -0.8706000
H -5.5682500 1.1151800 0.0059700
H -6.0552200 -0.3542000 0.8789300
H -3.9898100 -1.5520800 -0.0037700
H -3.1137600 1.3972200 0.0226200
H -1.6482000 -1.3424400 0.0058100
H -0.5739000 1.5572400 -0.0032200
H 0.7025100 -1.2640100 -0.0453800
H 1.9689000 1.5666800 -0.0193100
H 3.0618300 -1.3225800 -0.0003600
H 4.5021800 1.4351800 0.0184900
H 6.5260100 0.0238500 0.0205800
H 5.4738800 -1.4970100 0.0118900
%end
