#########################
# P-8 
#########################
%molecule
0 1
C -4.3079200 -0.2022100 0.0000200
C -3.1093200 0.4185600 -0.0000100
C -1.8394300 -0.2799200 -0.0000200
C -0.6330600 0.3462800 -0.0000200
C 0.6330600 -0.3462800 -0.0000300
C 1.8394300 0.2799200 0.0000500
C 3.1093200 -0.4185600 0.0000500
C 4.3079200 0.2022000 -0.0000400
H -5.2324500 0.3576900 0.0000600
H -4.3801200 -1.2827600 0.0000300
H -3.0741100 1.5045000 0.0000100
H -1.8693000 -1.3673400 -0.0000600
H -0.6066200 1.4339200 0.0000200
H 0.6066200 -1.4339200 -0.0000900
H 1.8693100 1.3673400 0.0001100
H 3.0741100 -1.5045000 0.0001200
H 5.2324500 -0.3576900 -0.0000500
H 4.3801200 1.2827500 -0.0001200
%end
