#########################
# P-8H 
#########################
%molecule
1 1
C -4.2964900 0.0728400 0.0007400
C -2.9082100 -0.4374000 0.0001800
C -1.7832200 0.3463500 -0.0002800
C -0.5041700 -0.2477200 -0.0010100
C 0.6980200 0.4625100 -0.0011000
C 1.9069000 -0.2154300 -0.0000700
C 3.1836800 0.4167900 0.0007100
C 4.3214700 -0.3275700 0.0004900
H -4.8288300 -0.3125000 -0.8725500
H -4.3379500 1.1590400 0.0003400
H -4.8279400 -0.3117700 0.8749000
H -2.7760000 -1.5172400 -0.0000300
H -1.8707900 1.4272100 -0.0000600
H -0.4527800 -1.3350200 -0.0012000
H 0.6841600 1.5468400 -0.0012400
H 1.8865900 -1.3036300 0.0000300
H 3.2347900 1.4990600 0.0010800
H 5.2982700 0.1357900 0.0006500
H 4.2826000 -1.4100300 0.0001700
%end
