#########################
# SB-10 
#########################
%molecule
0 1
N -5.4710900 -0.2510500 0.0030100
C -4.3452700 0.3884300 0.0027000
C -3.0846700 -0.3309500 0.0049900
C -1.8845200 0.3058900 -0.0196700
C -0.6109900 -0.3684400 -0.0256300
C 0.5831000 0.2850900 0.0243500
C 1.8624200 -0.3773200 0.0247800
C 3.0525200 0.2808400 -0.0025000
C 4.3399600 -0.3830300 -0.0035700
C 5.5203400 0.2721300 -0.0074100
H -6.2465300 0.4148500 0.0009400
H -4.2801000 1.4820000 -0.0000800
H -3.1424100 -1.4147600 0.0122600
H -1.8694800 1.3942300 -0.0232800
H -0.6181700 -1.4554500 -0.0508500
H 0.5838500 1.3729200 0.0492200
H 1.8631900 -1.4650500 0.0317200
H 3.0529600 1.3686600 -0.0139600
H 4.3350700 -1.4693800 0.0016100
H 6.4605800 -0.2609000 -0.0059800
H 5.5611900 1.3543200 -0.0109200
%end
