#########################
# SB-10H 
#########################
%molecule
1 1
N 5.4029600 -0.0149400 -0.0051400
C 4.1553100 -0.4578600 -0.0022000
C 3.0191200 0.3541800 -0.0007400
C 1.7613300 -0.2274800 -0.0035300
C 0.5465300 0.4833600 -0.0062400
C -0.6648200 -0.1768000 0.0204400
C -1.9298000 0.4659000 0.0201900
C -3.0982100 -0.2505600 -0.0004700
C -4.4089400 0.3410600 -0.0083900
C -5.5332600 -0.4123500 -0.0108400
H 6.1847200 -0.6535500 -0.0039600
H 5.6142400 0.9738500 -0.0071900
H 4.0438700 -1.5370500 -0.0002100
H 3.1264800 1.4332500 -0.0029300
H 1.7019400 -1.3146000 0.0025100
H 0.5678700 1.5683100 -0.0187400
H -0.6566900 -1.2653700 0.0314600
H -1.9652100 1.5509500 0.0219300
H -3.0423100 -1.3373000 -0.0053100
H -4.4812000 1.4232400 -0.0082500
H -6.5145400 0.0403900 -0.0126000
H -5.4833700 -1.4941200 -0.0100600
%end
