#########################
# SB-8H 
#########################
%molecule
1 1
N -4.1775300 0.0456300 -0.0000200
C -2.9445500 -0.4218100 -0.0000500
C -1.7894100 0.3733200 -0.0000600
C -0.5498300 -0.2329800 0.0000300
C 0.6858500 0.4583900 0.0002100
C 1.8756100 -0.2243400 0.0000300
C 3.1680900 0.4016700 -0.0001300
C 4.3071400 -0.3303400 -0.0000100
H -4.9736400 -0.5766700 -0.0000300
H -4.3685700 1.0394600 0.0000300
H -2.8529000 -1.5029100 -0.0000900
H -1.8776300 1.4539300 0.0000100
H -0.5104100 -1.3208000 0.0000500
H 0.6839900 1.5433200 0.0003500
H 1.8508000 -1.3123400 0.0000000
H 3.2158300 1.4847700 -0.0003600
H 5.2795200 0.1412900 -0.0001400
H 4.2784300 -1.4129100 0.0002200
%end
