$coord
   -3.38370145683573     -0.50391955653153      0.07065234372979      n
   -1.15671028553473      0.77837323432911     -0.06040362942916      c
    1.13598582777701     -0.68748524429849     -0.02014913316304      c
    1.09211159423852     -3.02314866726989     -0.02769238695817      o
    3.39170838200881      0.63851976838964     -0.06643672420473      n
   -3.24524732424987     -2.40302560619429     -0.11031194368508      h
   -5.00756618482115      0.32168052645782     -0.46941951198028      h
   -1.20567218778272      2.81848425964508     -0.12449663892032      h
    3.43133602723221      2.45478317323673      0.50072458793798      h
    4.94775560796761     -0.39426188776419      0.30753303667300      h
$redundant
     number_of_atoms            10
     degrees_of_freedom         24
     internal_coordinates       24
     frozen_coordinates          0
# definitions of redundant internals
   1 k  1.0000000000000 stre    3    4           val=   2.33609
   2 k  0.7071219126132 bend    5    4    3      val=   0.00536
       -0.7070916494360 bend    2    4    3
   3 k  1.0000000000000 outp    4    2    5    3 val=   1.96436
   4 k  1.0000000000000 tors    7    1    2    3 val=  94.39898
        1.0000000000000 tors    6    1    2    3
   5 k  1.0000000000000 stre    1    7           val=   1.90006
   6 k  1.0000000000000 stre    1    6           val=   1.91273
   7 k  0.8223266004850 bend    6    7    1      val=   1.21012
       -0.4203334379086 bend    2    7    1
       -0.3835345657313 bend    2    6    1
   8 k -0.0038058526272 bend    6    7    1      val=   1.78843
       -0.6780793806345 bend    2    7    1
        0.7349788221739 bend    2    6    1
   9 k  1.0000000000000 outp    7    2    6    1 val=  24.29641
  10 k  1.0000000000000 stre    2    8           val=   2.04170
  11 k -0.7071016203278 bend    1    8    2      val=   2.68590
        0.7071119420077 bend    3    8    2
  12 k  1.0000000000000 outp    8    3    1    2 val=  -1.76644
  13 k  1.0000000000000 tors    9    5    3    2 val=  95.30147
        1.0000000000000 tors   10    5    3    2
  14 k  1.0000000000000 stre    5    9           val=   1.90317
  15 k  1.0000000000000 stre    5   10           val=   1.90467
  16 k  0.8210108877964 bend   10    9    5      val=   0.35251
       -0.4194575715025 bend    3    9    5
       -0.3872937745809 bend    3   10    5
  17 k  0.0463383615419 bend   10    9    5      val=   8.95202
        0.7250981857524 bend    3    9    5
       -0.6870846943923 bend    3   10    5
  18 k  0.5690288906281 bend   10    9    5      val= 116.97914
        0.5461574559849 bend    3    9    5
        0.6147504818239 bend    3   10    5
  19 k  1.0000000000000 tors    1    2    3    5 val= 182.16085
  20 k  1.0000000000000 stre    2    1           val=   2.57312
  21 k  1.0000000000000 bend    3    1    2      val= 117.38307
  22 k  1.0000000000000 stre    3    5           val=   2.61701
  23 k  1.0000000000000 bend    2    5    3      val= 116.93348
  24 k  1.0000000000000 stre    2    3           val=   2.72155
        24 non zero eigenvalues  of BmBt
           1           5.505622793    1    0
         1
           2           4.254829329    2    0
         2
           3           4.012918991    3    0
         3
           4           3.684807664    4    0
         4
           5           3.550483193    5    0
         5
           6           2.907255915    6    0
         6
           7           2.662139053    7    0
         7
           8           2.481948949    8    0
         8
           9           2.131988916    9    0
         9
          10           1.441754999   10    0
        10
          11           1.153438530   11    0
        11
          12           0.942756608   12    0
        12
          13           0.912332459   13    0
        13
          14           0.661437113   14    0
        14
          15           0.571633657   15    0
        15
          16           0.395535455   16    0
        16
          17           0.374043750   17    0
        17
          18           0.356245049   18    0
        18
          19           0.333560096   19    0
        19
          20           0.279295379   20    0
        20
          21           0.200468081   21    0
        21
          22           0.101369929   22    0
        22
          23           0.061340412   23    0
        23
          24           0.042683600   24    0
        24
$user-defined bonds
$end
