#############################
# C10H16 adamantane molecule
#############################
%molecule
0 1
C   0.8883000   0.8883000   0.8883000
C  -0.8883000  -0.8883000   0.8883000
C  -0.8883000   0.8883000  -0.8883000
C   0.8883000  -0.8883000  -0.8883000
C   0.0000000   0.0000000   1.7730000
C   0.0000000   0.0000000  -1.7730000
C   0.0000000   1.7730000   0.0000000
C   0.0000000  -1.7730000   0.0000000
C   1.7730000   0.0000000   0.0000000
C  -1.7730000   0.0000000   0.0000000
H   1.5222000   1.5222000   1.5222000
H  -1.5222000  -1.5222000   1.5222000
H  -1.5222000   1.5222000  -1.5222000
H   1.5222000  -1.5222000  -1.5222000
H   2.4231000  -0.6263000   0.6263000
H   2.4231000   0.6263000  -0.6263000
H  -2.4231000  -0.6263000  -0.6263000
H  -2.4231000   0.6263000   0.6263000
H  -0.6263000   2.4231000   0.6263000
H   0.6263000   2.4231000  -0.6263000
H   0.6263000  -2.4231000   0.6263000
H  -0.6263000  -2.4231000  -0.6263000
H  -0.6263000   0.6263000   2.4231000
H   0.6263000  -0.6263000   2.4231000
H   0.6263000   0.6263000  -2.4231000
H  -0.6263000  -0.6263000  -2.4231000
%end
