#######################
# E1 molecule
#######################
%molecule
0 1
C   0.0000000   0.8784500   1.7965200
C  -0.7607600  -0.4392200   1.7965200
H  -1.3320600  -0.7690500   2.6584500
C   0.7607600  -0.4392200   1.7965200
C  -1.1998100  -0.6927100   0.3538900
H   0.0000100   1.5381200   2.6584500
C   1.1998100  -0.6927100   0.3538900
H   1.3320500  -0.7690700   2.6584500
H   0.0000000   2.4746500   0.2476400
C  -0.7607600   0.4392200  -1.7965200
H  -2.1431100  -1.2373300   0.2476400
C   1.1998100   0.6927100  -0.3538900
C   0.0000000  -1.3854200  -0.3538900
C   0.7607600   0.4392200  -1.7965200
H   2.1431100  -1.2373300   0.2476400
C   0.0000000   1.3854200   0.3538900
C  -1.1998100   0.6927100  -0.3538900
C   0.0000000  -0.8784500  -1.7965200
H  -2.1431100   1.2373300  -0.2476400
H   0.0000000  -2.4746500  -0.2476400
H   2.1431100   1.2373300  -0.2476400
H  -0.0000100  -1.5381200  -2.6584500
H  -1.3320500   0.7690700  -2.6584500
H   1.3320600   0.7690500  -2.6584500
%end
