##################
# E22 system
##################
%molecule
0 1
C   -0.2167300   1.3921000   0.4447800
C    0.3372000  -0.0023100   0.7598000
C   -1.6101200   1.4687100  -0.1196700
C   -2.5817900   0.5184600  -0.1900100
C   -0.0932300  -1.0261000  -0.3235400
C   -2.5160700  -0.9122500   0.1153100
C   -1.3929400  -1.6663700   0.0314000
C    0.8693400   1.9551600  -0.4583100
C    1.8768700   0.0798000   0.5974700
H   -1.9044500   2.4719300  -0.4354700
C    1.1348800  -1.8833700  -0.4918000
H   -3.5554200   0.8673200  -0.5362100
H   -3.4601900  -1.3991400   0.3545300
H   -1.4333900  -2.7332600   0.2483400
H    0.7278700   2.8377000  -1.0784500
H    1.1349100  -2.8361700  -1.0161800
C    2.0172400   1.2561900  -0.3520400
C    2.2301600  -1.2618200  -0.0111600
H    2.9413500   1.4951300  -0.8727100
H    3.2464600  -1.6418600  -0.0781700
H    0.0386700  -0.3738800   1.7455700
H   -0.2259600   1.9914500   1.3727900
H    2.4090900   0.2657100   1.5410000
H   -0.2477600  -0.4540400  -1.2584700
%end
