#################
# E31
#################
%molecule
0 1
C    0.9946100   -0.0847100   0.0000000
C    1.0635400   -0.9851100   1.2024000
C    1.0635400   -0.9851100  -1.2024000
C    0.0925000   -1.8911100  -1.5216500
C    0.0925000   -1.8911100   1.5216500
C   -1.0108100   -2.2876000  -0.6884300
C   -1.0108100   -2.2876000   0.6884300
H    1.8699600    0.5747800   0.0000000
H    1.9155400   -0.8784500   1.8733200
H    1.9155400   -0.8784500  -1.8733200
H    0.1707800   -2.3893100   2.4877600
H    0.1707800   -2.3893100  -2.4877600
H   -1.8575700   -2.7614700  -1.1832100
H   -1.8575700   -2.7614700   1.1832100
C   -0.2510000    0.8397900   0.0000000
C   -0.2682000    3.0571100   0.7335000
C   -0.2682000    3.0571100  -0.7335000
C   -0.2586100    1.7706700   1.1781100
C   -0.2586100    1.7706700  -1.1781100
H   -0.2710700    3.9474100   1.3543600
H   -0.2710700    3.9474100  -1.3543600
H   -0.2567900    1.4391100   2.2108000
H   -0.2567900    1.4391100  -2.2108000
H   -1.1544700    0.2125100   0.0000000
%end
