#######################
# Octane-b molecule
#######################
%molecule
0 1
C   -0.1614600   4.4786700    0.0000000
C   -0.8406200   3.1086600    0.0000000
C    0.1614600   1.9538000    0.0000000
C   -0.5020900   0.5765400    0.0000000
C    0.5020900  -0.5765400    0.0000000
C   -0.1614600  -1.9538000    0.0000000
C    0.8406200  -3.1086600    0.0000000
C    0.1614600  -4.4786700    0.0000000
H   -0.8949200   5.2907700    0.0000000
H    0.4727800   4.5960200    0.8848800
H    0.4727800   4.5960200   -0.8848800
H   -1.4900900   3.0181000   -0.8799500
H   -1.4900900   3.0181000    0.8799500
H    0.8128500   2.0408900   -0.8807500
H    0.8128500   2.0408900    0.8807500
H   -1.1529600   0.4886800   -0.8809200
H   -1.1529600   0.4886800    0.8809200
H    1.1529600  -0.4886800   -0.8809200
H    1.1529600  -0.4886800    0.8809200
H   -0.8128500  -2.0408900   -0.8807500
H   -0.8128500  -2.0408900    0.8807500
H    1.4900900  -3.0181000   -0.8799500
H    1.4900900  -3.0181000    0.8799500
H   -0.4727800  -4.5960200   -0.8848800
H    0.8949200  -5.2907700    0.0000000
H   -0.4727800  -4.5960200    0.8848800
%end
