########################
# Octane-a molecule
#######################
%molecule
0 1
C   0.0000000   0.0000000   0.7849100
C   0.0000000   0.0000000  -0.7849100
C  -0.8668700   1.1412000   1.3419100
C   1.4217500   0.1801300   1.3419100
C  -0.5548700  -1.3213300   1.3419100
C   0.8668700   1.1412000  -1.3419100
C  -1.4217500   0.1801300  -1.3419100
C   0.5548700  -1.3213300  -1.3419100
H  -0.5963400   2.1109100   0.9109100
H  -1.9314600   0.9668300   1.1578600
H  -0.7248400   1.2096000   2.4268700
H   1.8030300   1.1892800   1.1578600
H   1.4099700   0.0229300   2.4268700
H   2.1262700  -0.5390100   0.9109100
H  -1.5299300  -1.5719000   0.9109100
H   0.1284300  -2.1561000   1.1578600
H  -0.6851300  -1.2325300   2.4268700
H   0.5963400   2.1109100  -0.9109100
H   1.9314600   0.9668300  -1.1578600
H   0.7248400   1.2096000  -2.4268700
H  -1.8030300   1.1892800  -1.1578600
H  -1.4099700   0.0229300  -2.4268700
H  -2.1262700  -0.5390100  -0.9109100
H   1.5299300  -1.5719000  -0.9109100
H  -0.1284300  -2.1561000  -1.1578600
H   0.6851300  -1.2325300  -2.4268700
%end
