#########################
# 10 isomer 1
#########################
%molecule
0 1
C -1.6793600 1.0830800 0.4844300
C -2.9806200 1.5998300 0.4358800
C -4.0358900 0.8127200 -0.0239200
C -3.7924300 -0.4963800 -0.4472200
C -2.4917100 -1.0064900 -0.3913700
C -1.4111200 -0.2483400 0.0800200
O -0.7084100 1.9397500 0.9476600
C 0.0100200 -0.8372900 0.2376100
C 1.0129000 0.1012600 -0.4883300
C 2.2481200 0.4648500 -0.0652400
C 0.4986800 0.5726200 -1.8464400
C 3.0950800 1.4584700 -0.8408100
C 2.9697300 -0.0732800 1.1614900
C 0.1533500 -2.2321300 -0.4141600
H 0.1712000 1.5743700 0.7285700
C 0.1970300 -1.0227100 1.7697200
H -3.1399700 2.6265800 0.7574500
H -5.0421900 1.2259700 -0.0570300
H -4.6039400 -1.1186300 -0.8182100
H -2.3188500 -2.0268800 -0.7218700
H 1.3059300 0.6508900 -2.5817000
H -0.2470800 -0.1282700 -2.2354300
H 0.0007300 1.5503600 -1.7791500
H 2.5252500 2.0641200 -1.5503800
H 3.8951900 0.9391300 -1.3932700
H 3.5941300 2.1400100 -0.1371000
H 2.9276600 -1.1660500 1.2144300
H 4.0276200 0.2140200 1.1226300
H 2.5591800 0.3188400 2.1005300
H 1.1842300 -2.5801100 -0.2784700
H -0.5197900 -2.9575700 0.0605000
H -0.0667500 -2.2039400 -1.4875700
H 1.0795100 -1.6207100 2.0098000
H 0.2637000 -0.0632500 2.2925100
H -0.6811200 -1.5548600 2.1544700
%end
