#########################
# 10 isomer 2
#########################
%molecule
0 1
C -1.5103100 0.6260600 0.2649700
C -2.6479900 0.7065000 1.0899500
C -3.8460500 0.1109600 0.6998600
C -3.9359900 -0.5786600 -0.5165800
C -2.8059400 -0.6583100 -1.3331900
C -1.5959400 -0.0633000 -0.9565200
O -0.3981200 1.2421000 0.7697400
C 0.8929000 1.2400900 0.0720600
C 1.3965100 -0.1741400 -0.2887800
C 1.2212400 -1.2519700 0.5055600
C 0.5552900 -1.2431300 1.8652900
C 1.6565600 -2.6529300 0.1165200
C 2.1630800 -0.2369800 -1.5937000
C 0.7546700 2.1959600 -1.1324900
C 1.8563800 1.8776500 1.0858200
H -2.5671000 1.2397600 2.0344200
H -4.7146600 0.1848100 1.3520200
H -4.8705700 -1.0450300 -0.8199700
H -2.8557100 -1.1911800 -2.2813900
H -0.7319800 -0.1586800 -1.6012100
H -0.4606200 -1.6599200 1.7872600
H 0.4704600 -0.2540000 2.3136500
H 1.1175900 -1.8987800 2.5468200
H 1.7857000 -2.7979800 -0.9598800
H 2.6006600 -2.9222900 0.6165900
H 0.9025600 -3.3754600 0.4595800
H 2.6811900 -1.1875500 -1.7345900
H 2.9261100 0.5537800 -1.6245900
H 1.5088900 -0.0682800 -2.4628500
H 0.0973900 1.7959300 -1.9089100
H 1.7323800 2.4089400 -1.5766100
H 0.3275400 3.1356000 -0.7658800
H 1.9322800 1.2626900 1.9870800
H 1.5100100 2.8827000 1.3582700
H 2.8515900 1.9550400 0.6317000
%end
