#########################
# 13 isomer 1
#########################
%molecule
0 1
C -1.4762800 -1.1531600 -0.2928000
C -2.8689200 -1.1588100 -0.2946900
C -3.5922600 0.0018500 0.0382400
C -2.8682400 1.1615900 0.3732800
C -1.4756900 1.1545000 0.3734000
C -0.7393100 0.0002300 0.0410600
C 1.4762800 1.1531600 -0.2928000
C 0.7393100 -0.0002300 0.0410600
C 1.4756900 -1.1545000 0.3734000
C 2.8682400 -1.1615900 0.3732800
C 3.5922600 -0.0018500 0.0382400
C 2.8689200 1.1588100 -0.2946900
N 4.9909600 0.0138500 0.0923700
N -4.9909600 -0.0138500 0.0923700
H -0.9455800 -2.0578500 -0.5825900
H -3.4077600 -2.0666000 -0.5655400
H -3.4066700 2.0680500 0.6490400
H -0.9444300 2.0599200 0.6597400
H 0.9455800 2.0578500 -0.5825900
H 0.9444300 -2.0599200 0.6597400
H 3.4066700 -2.0680500 0.6490400
H 3.4077600 2.0666000 -0.5655400
H 5.4353400 -0.8878400 -0.0246400
H 5.4345400 0.7312700 -0.4668800
H -5.4345400 -0.7312700 -0.4668800
H -5.4353400 0.8878400 -0.0246400
%end
