#########################
# 13 isomer 1
#########################
%molecule
0 1
C -4.1262200 -0.7529900 0.2299600
C -4.3421600 0.3006800 -0.6664900
C -3.2616300 1.1094400 -1.0359100
C -1.9811300 0.8770400 -0.528900
C -1.7679300 -0.1822300 0.3704800
C -2.8543900 -0.9939100 0.7496100
N -0.4884100 -0.4923700 0.8579100
N 0.4884100 0.4923700 0.8579100
C 1.7679300 0.1822300 0.3704800
C 2.8543900 0.9939100 0.7496100
C 4.1262200 0.7529900 0.2299600
C 4.3421600 -0.3006800 -0.6664900
C 3.2616300 -1.1094400 -1.0359100
C 1.9811300 -0.8770400 -0.5289000
H -0.4691500 -1.1191800 1.6584400
H 0.4691500 1.1191800 1.6584400
H -4.9548300 -1.3903500 0.5336400
H -5.3356900 0.4891800 -1.0666100
H -3.4123400 1.9327500 -1.7321500
H -1.1415400 1.5016200 -0.8197700
H -2.6940900 -1.8138900 1.4498000
H 2.6940900 1.8138900 1.4498000
H 4.9548300 1.3903500 0.5336400
H 5.3356900 -0.4891800 -1.0666100
H 3.4123400 -1.9327500 -1.7321500
H 1.1415400 -1.5016200 -0.8197700
%end
