#########################
# 14 isomer 1
#########################
%molecule
0 1
C -3.2493600 -0.2121800 0.1908800
C -3.0180100 -0.0802600 1.5531100
C -1.7187000 0.1430800 2.0465000
C -0.6589000 0.2373800 1.1580500
C -0.8503600 0.1108100 -0.2400800
C -2.1808600 -0.1271900 -0.7220400
C 0.2573700 0.1928900 -1.2009100
O -2.4617900 -0.2774000 -2.0266500
O 0.0637500 0.0215200 -2.4210600
C 1.6870000 0.5139100 -0.7364000
C 1.8296500 1.9616500 -0.2365800
C 2.2643100 -0.5377300 0.2414000
O 2.8380100 -0.2185100 1.2650300
C 2.0956200 -1.9843500 -0.1848100
H -4.2473000 -0.3900700 -0.2016900
H -3.8548500 -0.1517400 2.2455300
H -1.5451900 0.2414400 3.1150000
H 0.3377000 0.4112900 1.5486000
H -1.5891000 -0.2042600 -2.5089900
H 2.2866900 0.3979800 -1.6510100
H 1.2305300 2.1423500 0.6600400
H 1.5072800 2.6582500 -1.0195000
H 2.8780100 2.1597800 0.0111800
H 2.3814800 -2.1134300 -1.2371200
H 1.0319400 -2.2538900 -0.1095600
H 2.6851000 -2.6413300 0.4610700
%end
