#########################
# 14 isomer 2
#########################
%molecule
0 1
C -1.3563800 2.1276300 -0.6540100
C -2.6522200 1.7556300 -0.2927700
C -2.9054900 0.4540500 0.1530600
C -1.8607200 -0.4674800 0.2205000
C -0.5396600 -0.1112600 -0.1120000
C -0.3060700 1.2116900 -0.5480600
H -1.1387100 3.1250000 -1.0287700
H -3.4620700 2.4783900 -0.3672800
H -3.9125000 0.1554500 0.4350800
H -2.0661000 -1.4803800 0.5567600
C 0.5731100 -1.1202200 -0.0010100
O 0.9385000 1.6089000 -1.0131200
C 1.9281700 2.1110300 -0.1534000
O 2.9882900 2.3977500 -0.6350700
C 1.5342900 2.2745500 1.2971100
O 1.6896300 -0.797400 0.3747500
C 0.2394400 -2.5602300 -0.3912300
C 1.4619600 -3.4802100 -0.4296100
H 0.6192500 2.8726200 1.3887000
H 2.3579400 2.7588000 1.8262900
H 1.3409500 1.2863300 1.7279900
H -0.2786800 -2.5355500 -1.3614000
H -0.5058800 -2.9397200 0.3254400
H 2.1958300 -3.1167400 -1.1580500
H 1.1612500 -4.4977400 -0.7078100
H 1.9558600 -3.5108900 0.5479000
%end
