#########################
# 20 isomer 1
#########################
%molecule
0 1
C -0.3221800 2.3985500 0.0027900
C -0.1277700 0.9875700 0.5860100
C -1.2755100 0.0545200 0.2098100
C -1.2507900 -0.7026400 -0.9688200
C -2.3284500 -1.5264700 -1.3037700
C -3.4432500 -1.6059500 -0.4621800
C -3.4742800 -0.8546000 0.7167700
C -2.3957100 -0.0296200 1.0483300
H -0.3823000 -0.6524600 -1.6200300
H -2.2957300 -2.1100300 -2.2219900
H -4.2800500 -2.2515800 -0.7217900
H -4.3360800 -0.9111500 1.3791700
H -2.4227300 0.5612800 1.9622400
C 1.2532500 0.4161300 0.2925900
C 1.8853800 -0.3395900 1.2925500
C 3.1350500 -0.9223100 1.0721600
C 3.7775300 -0.7551100 -0.1596300
C 3.1587700 -0.0036400 -1.1622100
C 1.9041800 0.5757900 -0.9408500
H 1.3855000 -0.4737600 2.2510400
H 3.6077100 -1.5042300 1.8611600
H 4.7524600 -1.2057100 -0.3347000
H 3.6504400 0.1330400 -2.1235800
H 1.4344900 1.1499300 -1.7339800
H -0.1815800 1.1501700 1.6709600
H 0.5510600 3.0438400 0.1719100
F -0.5642300 2.3747200 -1.3571900
F -1.4151900 3.0033200 0.5932400
%end
