#########################
# 20 isomer 2
#########################
%molecule
0 1
C 0.6193700 -0.4719800 -1.9508600
C -0.6193700 0.4719800 -1.9508600
C -1.4764000 0.3631100 -0.7195800
C 1.4764000 -0.3631100 -0.7195800
C -1.1971400 1.1168700 0.4288400
C -1.9664200 0.9458800 1.5817800
C -3.0076300 0.0110000 1.6019700
C -3.2848600 -0.7468900 0.4591400
C -2.5249000 -0.5659800 -0.6999000
H -0.3806000 1.8328800 0.4113500
H -1.7479600 1.5379400 2.4683600
H -3.6032300 -0.1232400 2.5029500
H -4.0965700 -1.4716700 0.4670600
H -2.7371100 -1.1532800 -1.5913500
C 1.1971400 -1.1168700 0.4288400
C 1.9664200 -0.9458800 1.5817800
C 3.0076300 -0.0110000 1.6019700
C 3.2848600 0.7468900 0.4591400
C 2.5249000 0.5659800 -0.6999000
H 0.3806000 -1.8328800 0.4113500
H 1.7479600 -1.5379400 2.4683600
H 3.6032300 0.1232400 2.5029500
H 4.0965700 1.4716700 0.4670600
H 2.7371100 1.1532800 -1.5913500
H -1.2060300 0.2360500 -2.8489800
F -0.1149900 1.7812300 -2.1107800
F 0.1149900 -1.7812300 -2.1107800
H 1.2060300 -0.2360500 -2.8489800
%end
