#########################
# 3 isomer 2
#########################
%molecule
0 1
C 3.0719700 0.2664900 -1.0660100
O 4.0164900 -0.4802300 -1.1145500
C 2.1498200 0.4694700 0.1350800
O 2.6047200 -0.2762200 1.2483200
C 0.7072700 0.0550700 -0.2707700
H 0.4746200 0.4932400 -1.2519100
C -0.3436100 0.5816200 0.7320300
O -0.0051300 0.2319600 2.0897800
C -1.7778800 0.0975400 0.4212800
H -2.4668400 0.6255600 1.0916100
C -2.2210400 0.3467100 -1.0242500
O -3.6040500 0.0557000 -1.2037900
H 2.7653800 0.8916200 -1.9444900
H 2.1337700 1.5585500 0.3375100
H 1.9252200 -0.1331600 1.9358900
O 0.6359100 -1.3744500 -0.4243300
H -0.3244600 1.6793400 0.6786400
H -0.4828400 -0.5949100 2.2773000
O -1.9209800 -1.2984400 0.7615900
H -1.5981100 -0.2606900 -1.7040400
H -2.0867600 1.4056300 -1.2827200
H -3.7422700 -0.8361100 -0.8495200
H 1.3086900 -1.7495900 0.1708000
H -1.2199000 -1.7546700 0.2565500
%end
