#########################
# 3 isomer 1
#########################
%molecule
0 1
C 1.2327000 -0.3352000 1.2550400
C -0.1570000 0.1589600 1.7053800
C -1.2109500 -0.2386000 0.6753000
C -0.7951300 0.2548000 -0.7101300
C 0.6195500 -0.2519600 -1.0505800
O 1.5378700 0.1955200 -0.0337700
O -0.5423000 -0.4136600 2.9572600
O -2.4976600 0.3243200 0.9626100
O -1.7031900 -0.2076900 -1.7197500
C 1.1370600 0.2874000 -2.3926100
O 0.5160900 -0.3393100 -3.5096000
H 0.1846900 -0.2551400 3.5776500
H -2.7502300 0.0142400 1.8438900
H -0.4420500 -0.2643300 -3.3733500
H -2.5929800 0.0469600 -1.4344000
O 2.2363900 0.0574600 2.1564300
H 2.3186800 1.0222600 2.0868800
H 1.2515400 -1.4369100 1.2393400
H -0.1174200 1.2613400 1.7703000
H -1.2747800 -1.3396600 0.6501900
H -0.7694500 1.3573500 -0.6972000
H 0.6083100 -1.3544000 -1.0903300
H 1.0011600 1.3839800 -2.4076200
H 2.2091200 0.0722600 -2.4609200
%end
