#########################
# 9 isomer 1
#########################
%molecule
0 1
C 0.0000000 -1.2609500 -1.2883200
C 0.0000000 0.0000000 -2.1791800
C 0.0000000 1.2609500 -1.2883200
C -1.2582200 1.2557400 -0.3954300
C -1.2792000 0.0000000 0.5078700
C -1.2582200 -1.2557400 -0.3954300
C 1.2582200 -1.2557400 -0.3954300
C 1.2582200 1.2557400 -0.3954300
C 1.2792000 0.0000000 0.5078700
C 0.0000000 0.0000000 1.3758600
C -2.5252200 0.0000000 1.3959700
H 0.0000000 -2.1605500 -1.9193800
H 0.8883700 0.0000000 -2.8276000
H -0.8883700 0.0000000 -2.8276000
H 0.0000000 2.1605500 -1.9193800
H -1.2766200 2.1567100 0.2363400
H -2.1644100 1.2684100 -1.0196100
H -1.2766200 -2.1567100 0.2363400
H -2.1644100 -1.2684100 -1.0196100
H 1.2766200 -2.1567100 0.2363400
H 2.1644100 -1.2684100 -1.0196100
H 1.2766200 2.1567100 0.2363400
H 2.1644100 1.2684100 -1.0196100
C 2.5252200 0.0000000 1.3959700
H 0.0000000 0.8877800 2.0270600
H 0.0000000 -0.8877800 2.0270600
H -3.4382800 0.0000000 0.7836800
H -2.5422300 -0.8908400 2.0398800
H -2.5422300 0.8908400 2.0398800
H 3.4382800 0.0000000 0.7836800
H 2.5422300 0.8908400 2.0398800
H 2.5422300 -0.8908400 2.0398800
%end
