#########################
# 9 isomer 2
#########################
%molecule
0 1
C -2.9560100 -0.5899700 -0.5483100
C -1.8200800 0.3447100 -1.0324900
C -0.4710600 -0.4076900 -0.9015600
C -0.2546000 -0.4641700 0.6649400
C -1.5028800 0.2736200 1.2124400
C -2.7395800 -0.6351800 1.0062700
C -1.7353300 1.3569400 0.1340800
C 0.6895700 0.2981500 -1.6146000
C 2.0514800 -0.3100000 -1.2344700
C 2.2583400 -0.4388900 0.3115500
C 1.0763700 0.1708400 1.0856100
C 3.5906400 0.1784800 0.7566300
H -2.8871200 -1.5828000 -1.0105000
H -3.9386100 -0.1695000 -0.7965900
H -1.9858900 0.7676800 -2.0303100
H -0.5615200 -1.4244400 -1.3088600
H -0.2541500 -1.5086200 1.0070900
H -1.3794400 0.6321400 2.2411400
H -2.5603800 -1.6527100 1.3758700
H -3.6115200 -0.2315200 1.5360900
H -0.9009400 2.0614500 0.0395100
H -2.6654700 1.9207900 0.2833700
H 0.5443600 0.2434400 -2.7022500
H 0.6805400 1.3644300 -1.3495700
H 2.8526800 0.3065400 -1.6663600
H 2.1394500 -1.3032200 -1.6967600
H 2.2800600 -1.5100800 0.5629700
H 1.2295100 0.0289700 2.1646800
H 1.0469400 1.2565000 0.9102500
H 3.5997900 1.2564500 0.5378900
H 4.4362600 -0.2804500 0.2260000
H 3.7485600 0.0481100 1.8362700
%end
