$coord
   -2.56756076702627     -1.35261804155439     -0.67841356377306      c
   -0.68246469187593      1.05924558732708      0.62075763182471      s
    2.52231627902120      0.11902585851035     -0.14670032807689      c
   -1.93086813495188     -3.29164589306297     -0.59139427704599      h
   -4.50882608045987     -0.85105867334798     -1.06528945047641      h
   -1.25789412590378      3.42972826411666     -0.74106858903771      o
   -0.95226651876395      0.95433702314489      3.40886195527067      o
    2.72970619119041      0.05882449432297     -2.19144559925294      h
    3.72946197059273      1.57646739058490      0.66243192458485      h
    2.91839587817738     -1.70230601004148      0.72226029598280      h
$redundant
     number_of_atoms            10
     degrees_of_freedom         24
     internal_coordinates       24
     frozen_coordinates          0
# definitions of redundant internals
   1 k  1.0000000000000 tors    5    1    2    3 val= 120.20445
        1.0000000000000 tors    4    1    2    3
   2 k  1.0000000000000 stre    1    5           val=   2.04200
   3 k  1.0000000000000 stre    1    4           val=   2.04274
   4 k  0.8183806154370 bend    4    5    1      val=   2.80959
       -0.3945186575038 bend    2    5    1
       -0.4178614568948 bend    2    4    1
   5 k -0.0127661708378 bend    4    5    1      val=  -1.80190
        0.7144645005818 bend    2    5    1
       -0.6995552174708 bend    2    4    1
   6 k  1.0000000000000 outp    4    5    2    1 val= -13.69257
   7 k  1.0000000000000 stre    2    6           val=   2.79372
   8 k  1.0000000000000 stre    2    7           val=   2.80309
   9 k  0.0109737481596 bend    7    6    2      val=   0.08831
       -0.4619966800928 bend    1    6    2
        0.5536877960032 bend    1    7    2
       -0.5363812196433 bend    3    6    2
        0.4383647524671 bend    3    7    2
  10 k -0.0145161354056 bend    7    6    2      val=   0.10243
        0.5549620741733 bend    1    6    2
        0.4496946226273 bend    1    7    2
       -0.4511747487816 bend    3    6    2
       -0.5348106865837 bend    3    7    2
  11 k -0.8725913014539 bend    7    6    2      val=   0.45931
        0.2302936713690 bend    1    6    2
        0.2416131030962 bend    1    7    2
        0.2449862528678 bend    3    6    2
        0.2591410617259 bend    3    7    2
  12 k -0.0011673011925 bend    7    6    2      val=   0.30149
       -0.4839400530114 bend    1    6    2
        0.4944076291849 bend    1    7    2
        0.5069886088285 bend    3    6    2
       -0.5141247992667 bend    3    7    2
  13 k  1.0000000000000 tors    8    3    2    1 val=  60.63750
        1.0000000000000 tors   10    3    2    1
        1.0000000000000 tors    9    3    2    1
  14 k  1.0000000000000 stre    3    8           val=   2.05612
  15 k  1.0000000000000 stre    3   10           val=   2.05651
  16 k  1.0000000000000 stre    3    9           val=   2.05816
  17 k -0.4957682129553 bend   10    8    3      val=   1.99352
       -0.3410542280837 bend    9    8    3
       -0.3357144426773 bend    9   10    3
        0.4040066340151 bend    2    8    3
        0.4055737555630 bend    2   10    3
        0.4443875268024 bend    2    9    3
  18 k -0.6813012443389 bend   10    8    3      val=   1.26829
        0.5371091552474 bend    9    8    3
        0.3231516225422 bend    9   10    3
       -0.1515448885206 bend    2    8    3
       -0.2381892039723 bend    2   10    3
        0.2514268254073 bend    2    9    3
  19 k -0.1111321562073 bend   10    8    3      val=   0.15266
       -0.5760654665073 bend    9    8    3
        0.7214187118997 bend    9   10    3
       -0.2899363736587 bend    2    8    3
        0.2231129370726 bend    2   10    3
        0.0388687640126 bend    2    9    3
  20 k  0.2977651921232 bend   10    8    3      val=  -0.32912
       -0.1587026075946 bend    9    8    3
       -0.1528606990700 bend    9   10    3
       -0.3643824120632 bend    2    8    3
       -0.3744863705863 bend    2   10    3
        0.7679637982395 bend    2    9    3
  21 k  0.0016199770509 bend   10    8    3      val=   0.20599
        0.2595935646555 bend    9    8    3
       -0.2606892246857 bend    9   10    3
       -0.6603623680998 bend    2    8    3
        0.6546159353498 bend    2   10    3
        0.0070146261683 bend    2    9    3
  22 k  1.0000000000000 stre    2    1           val=   3.32544
  23 k  1.0000000000000 stre    2    3           val=   3.42690
  24 k  1.0000000000000 bend    3    1    2      val= 104.10187
        24 non zero eigenvalues  of BmBt
           1           4.527194368    1    0
         1
           2           3.657966566    2    0
         2
           3           3.602798881    3    0
         3
           4           3.232485610    4    0
         4
           5           3.137487395    5    0
         5
           6           2.863844414    6    0
         6
           7           2.168385183    7    0
         7
           8           1.797553748    8    0
         8
           9           1.468624612    9    0
         9
          10           0.916786991   10    0
        10
          11           0.877209212   11    0
        11
          12           0.734417798   12    0
        12
          13           0.727756984   13    0
        13
          14           0.698690206   14    0
        14
          15           0.559938753   15    0
        15
          16           0.411116937   16    0
        16
          17           0.335447050   17    0
        17
          18           0.297990275   18    0
        18
          19           0.276151912   19    0
        19
          20           0.261266327   20    0
        20
          21           0.186145789   21    0
        21
          22           0.182867670   22    0
        22
          23           0.136153976   23    0
        23
          24           0.049880381   24    0
        24
$user-defined bonds
$end
