%molecule
0 1
   C         -0.94243307     -0.39094824      0.00000000
   C          0.32775800      0.43504357      0.00000000
   O          1.44127794     -0.46307242      0.00000000
   H          2.25487900      0.05221254      0.00000000
   H         -1.82041269      0.25945715      0.00000000
   H         -0.98520101     -1.02878964     -0.88479825
   H         -0.98520101     -1.02878964      0.88479825
   H          0.35466642      1.08244333      0.88660166
   H          0.35466642      1.08244333     -0.88660166
%end
