%molecule
0 1
   C         -1.38077932     -0.17649713      0.00000000
   C         -0.23313483      0.49246761      0.00000000
   C          1.13140192     -0.12658998      0.00000000
   H         -1.40741505     -1.26161093      0.00000000
   H         -2.33636092      0.33407474      0.00000000
   H         -0.26151007      1.58020260      0.00000000
   H          1.07743724     -1.21697825      0.00000000
   H          1.70518052      0.18746567      0.87786516
   H          1.70518052      0.18746567     -0.87786516
%end
