%molecule
0 1
   C         -1.79518871     -0.41024612      0.00000000
   C         -0.49210637      0.34535418      0.00000000
   O          0.56073395     -0.50407682      0.00000000
   O         -0.37506972      1.54553142      0.00000000
   C          1.86445359      0.10603283      0.00000000
   H         -2.62231005      0.29502140      0.00000000
   H         -1.85444605     -1.05348029      0.87976450
   H         -1.85444605     -1.05348029     -0.87976450
   H          2.57159079     -0.71943453      0.00000000
   H          1.99839431      0.72438912      0.88786297
   H          1.99839431      0.72438912     -0.88786297
%end
