%molecule
0 1
   C         -1.12638336     -0.03052584      0.00179962
   N          0.22478564      0.49689403     -0.00409752
   H          0.36218026      1.49795812      0.00226254
   C          1.35513012     -0.25565292     -0.00260906
   O          2.48662310      0.18345311      0.00172780
   H         -1.68862714      0.30049246     -0.87496841
   H         -1.67057247      0.26764922      0.90175341
   H         -1.07972127     -1.11985819     -0.01913088
   H          1.13658513     -1.34040999     -0.00673751
%end
