%molecule
0 1
   C          0.22860107     -0.01944643     -1.37470969
   S         -0.79846325     -0.69331983      0.00000000
   C          0.22860107     -0.01944643      1.37470969
   H         -0.29285198     -0.26744162     -2.29752287
   H          1.21588952     -0.48294430     -1.36627373
   H          0.29563939      1.06273903     -1.26489011
   H          0.29563939      1.06273903      1.26489011
   H         -0.29285198     -0.26744162      2.29752287
   H          1.21588952     -0.48294430      1.36627373
   O         -2.09609274      0.10750645      0.00000000
%end
