%molecule
0 1
   C         -0.59799634      0.39422639     -0.19084659
   C          0.68127291     -0.41347199      0.02060303
   N          1.81490657      0.31960534      0.19341283
   N         -1.73711357     -0.35418584      0.31825291
   O          0.68394261     -1.63099044     -0.01319412
   H         -2.59389800     -0.08713482     -0.14932954
   H         -1.57573970     -1.34407847      0.15879803
   H          1.79515150      1.31744480      0.31235798
   H          2.69022481     -0.16647169      0.30503921
   H         -0.63997490      0.60405862     -1.27248656
   H         -0.52077589      1.36099811      0.31739281
%end
