%molecule
0 1
   C          0.00000000     -1.28520657     -0.26484005
   C          0.00000000      0.00000000      0.53088490
   F          1.10274167      0.00000000      1.37023796
   F         -1.10274167      0.00000000      1.37023796
   C          0.00000000      1.28520657     -0.26484005
   H          0.00000000     -2.13344212      0.41963105
   H         -0.88808840     -1.33557040     -0.89523570
   H          0.88808840     -1.33557040     -0.89523570
   H          0.88808840      1.33557040     -0.89523570
   H         -0.88808840      1.33557040     -0.89523570
   H          0.00000000      2.13344212      0.41963105
%end
