%molecule
0 2
   C          0.00000000      0.00000000      0.92003286
   C          1.21510648      0.00000000      0.17788581
   C          1.20838494      0.00000000     -1.20344049
   C          0.00000000      0.00000000     -1.90734503
   C         -1.20838494      0.00000000     -1.20344049
   C         -1.21510648      0.00000000      0.17788581
   C          0.00000000      0.00000000      2.32263869
   H          2.15586158      0.00000000      0.71671914
   H          2.14697023      0.00000000     -1.74543125
   H          0.00000000      0.00000000     -2.99035959
   H         -2.14697023      0.00000000     -1.74543125
   H         -2.15586158      0.00000000      0.71671914
   H          0.92638132      0.00000000      2.88178332
   H         -0.92638132      0.00000000      2.88178332
%end
