%molecule
0 2
   C         -1.35869474     -0.71577469     -0.35900102
   S         -0.36114479      0.56052867      0.32849082
   C          1.33475239      0.06298578     -0.07763048
   H         -1.02177149     -1.74186412     -0.31295240
   H         -2.38596818     -0.45036089     -0.56372694
   O         -0.66564895      1.81493417     -0.39215664
   O         -0.50391778      0.50501344      1.80389219
   H          1.44449841      0.03112858     -1.15966315
   H          1.97354642      0.83423068      0.35054390
   H          1.54434870     -0.90082161      0.38220372
%end
