%molecule
0 2
   C         -0.86977794     -1.24014058      0.04313053
   S         -0.65405468      0.37547160     -0.60896123
   O         -1.58554113      1.34685124      0.09552598
   C          1.06528113      0.69806487      0.00707099
   H         -1.84687952     -1.46071012      0.45118978
   H         -0.23057548     -2.03100515     -0.33038263
   H          1.74228926     -0.05666148     -0.39220805
   H          1.33525132      1.68656597     -0.36013570
   H          1.04400705      0.68156365      1.09477032
%end
