%molecule
0 2
   N         -1.79057783     -0.26666276      0.03738761
   C         -0.61210477      0.41189741     -0.03196423
   C          0.60113785     -0.36380155     -0.01066246
   O          0.57792061     -1.59978149     -0.01465418
   N          1.79481491      0.33789013     -0.03515680
   H         -1.71731105     -1.27162648     -0.05837457
   H         -2.64989010      0.17022602     -0.24840613
   H         -0.63801429      1.49147775     -0.06588079
   H          1.81578496      1.29901541      0.26497206
   H          2.61823970     -0.20863442      0.16273949
%end
