%molecule
0 2
   N         -1.56570234      0.14388363      0.00000000
   C         -0.39039841     -0.53188448      0.00000000
   C          0.81964131      0.22351724      0.00000000
   O          0.87221964      1.44895727      0.00000000
   O          1.94410148     -0.55664974      0.00000000
   H         -2.44351676     -0.32116838      0.00000000
   H         -1.53173926      1.15026572      0.00000000
   H         -0.40063565     -1.61036207      0.00000000
   H          2.69602998      0.05344081      0.00000000
%end
