%molecule
0 2
   C          0.70478557      1.31689795      0.00000000
   C          0.00000000      0.00000000      0.00000000
   C         -1.49285987     -0.04808677      0.00000000
   C          0.78807429     -1.26881118      0.00000000
   H          0.00241306      2.15356364      0.00000000
   H          1.35824499      1.43439799      0.87824298
   H          1.35824499      1.43439799     -0.87824298
   H         -1.86624735     -1.07469205      0.00000000
   H         -1.92134759      0.45907567     -0.87824298
   H         -1.92134759      0.45907567      0.87824298
   H          1.86383429     -1.07887159      0.00000000
   H          0.56310261     -1.89347366     -0.87824298
   H          0.56310261     -1.89347366      0.87824298
%end
