%molecule
0 2
   C          1.59360207     -0.25582602      0.00000000
   C          0.11784471      0.00167256      0.00000000
   C         -0.27847327      0.79453119     -1.26018467
   C         -0.63709706     -1.35384679      0.00000000
   C         -0.27847327      0.79453119      1.26018467
   H          2.12366360     -0.43641209      0.92775814
   H          2.12366360     -0.43641209     -0.92775814
   H         -0.00550551      0.24940356     -2.16765112
   H         -1.35736787      0.97004928     -1.28639660
   H          0.22365313      1.76449554     -1.28642693
   H         -1.71922853     -1.18872313      0.00000000
   H         -0.38353067     -1.94370579     -0.88378456
   H         -0.38353067     -1.94370579      0.88378456
   H         -1.35736787      0.97004928      1.28639660
   H         -0.00550551      0.24940356      2.16765112
   H          0.22365313      1.76449554      1.28642693
%end
