42 -0.0106772397901
43 -0.00366532112197
24 -0.0211951177923
25 -0.00557766257691
26 -0.00605574794065
27 -0.00462149184944
20 0.00749000403185
21 -0.0208763942164
22 -0.0178485202461
23 -0.0141831991241
28 -0.00956170727471
29 -0.0101991544264
40 -0.0420715120087
41 -0.0208763942164
1 -0.0243823535505
3 0.0109959633659
2 0.00318723575824
5 0.000159361787912
4 -0.00111553251538
7 -0.00478085363735
6 0.00223106503076
9 -0.00318723575824
8 -0.00239042681868
39 -0.0399998087659
38 -0.0368125730076
11 -0.0160955405791
10 -0.0282070364604
13 -0.0101991544264
12 -0.0133863901846
15 -0.0105178780022
14 -0.0103585162143
17 -0.00494021542526
16 -0.0103585162143
19 -0.019920223489
18 -0.00605574794065
31 0.000956170727471
30 -0.00685255688021
37 -0.00557766257691
36 -0.000637447151647
35 -0.0160955405791
34 0.00382468290988
33 -0.0145019227
32 -0.0183266056099
