$coord
   -0.19673261082201     -0.10527432679128     -2.29963629663529      c
    1.30127047890605     -0.29321286279563      0.00000000000000      n
    2.67208516687253      1.04257526947776      0.00000000000000      h
   -0.19673261082201     -0.10527432679128      2.29963629663529      c
    1.04498030697506     -0.15869771130144     -3.94593051881902      h
   -1.36618968978413      1.61815689699266     -2.41569441790256      h
   -1.46873582925821     -1.72886606224101     -2.42713769094832      h
   -1.46873582925821     -1.72886606224101      2.42713769094832      h
   -1.36618968978413      1.61815689699266      2.41569441790256      h
    1.04498030697506     -0.15869771130144      3.94593051881902      h
$redundant
     number_of_atoms            10
     degrees_of_freedom         13
     internal_coordinates       13
     frozen_coordinates          0
# definitions of redundant internals
   1 k  1.0000000000000 tors    5    1    2    4 val=  55.66844
        1.0000000000000 tors    7    1    2    4
        1.0000000000000 tors    6    1    2    4
   2 k  1.0000000000000 stre    2    3           val=   1.91402
   3 k  1.0000000000000 stre    1    5           val=   2.06276
   4 k  1.0000000000000 stre    1    7           val=   2.06647
   5 k  1.0000000000000 stre    1    6           val=   2.08598
   6 k  0.3802626407055 bend    7    5    1      val=   1.41635
        0.4483241921558 bend    6    5    1
        0.4280753190538 bend    6    7    1
       -0.4011846888684 bend    2    5    1
       -0.4024200350181 bend    2    7    1
       -0.3850535350599 bend    2    6    1
   7 k  1.0000000000000 stre    2    1           val=   2.75094
   8 k  0.5412366507060 bend    7    5    1      val=   1.22883
        0.1179484003790 bend    6    5    1
       -0.6053766258727 bend    6    7    1
        0.4331986274010 bend    2    5    1
       -0.0858341293693 bend    2    7    1
       -0.3628245513754 bend    2    6    1
   9 k  0.4898827069685 bend    7    5    1      val=   1.51355
       -0.6989040295090 bend    6    5    1
        0.2818158280136 bend    6    7    1
       -0.1475606351702 bend    2    5    1
        0.3461976109890 bend    2    7    1
       -0.2247242824529 bend    2    6    1
  10 k -0.3178841511697 bend    7    5    1      val=  -1.03925
        0.3099832265032 bend    6    5    1
       -0.0033521016291 bend    6    7    1
       -0.0576242116248 bend    2    5    1
        0.6678005493244 bend    2    7    1
       -0.5946181175284 bend    2    6    1
  11 k  0.2777721739487 bend    7    5    1      val=   1.09689
        0.1880186559624 bend    6    5    1
       -0.4572583451306 bend    6    7    1
       -0.6720425505327 bend    2    5    1
        0.3080256945528 bend    2    7    1
        0.3631602841268 bend    2    6    1
  12 k  0.7071067811865 bend    1    3    2      val= 110.01835
        0.7071067811865 bend    4    3    2
  13 k  1.0000000000000 bend    4    1    2      val= 113.42898
        13 non zero eigenvalues  of BmBt
           1           5.700911139    1    0
         1
           2           3.706238462    2    0
         2
           3           3.178157210    3    0
         3
           4           2.377764373    4    0
         4
           5           1.423404039    5    0
         5
           6           0.885430721    6    0
         6
           7           0.709218187    7    0
         7
           8           0.688504844    8    0
         8
           9           0.643456348    9    0
         9
          10           0.282925035   10    0
        10
          11           0.240541581   11    0
        11
          12           0.143298743   12    0
        12
          13           0.061396486   13    0
        13
$user-defined bonds
$end
