%molecule
0 1
Fe 0.000000 0.000000 0.000000
C 0.000000 1.210338 1.691459
C -1.151100 0.374015 1.691459
C 1.151100 0.374015 1.691459
H 0.000000 2.287277 1.676761
C -0.711419 -0.979184 1.691459
H -2.175330 0.706807 1.676761
C 0.711419 -0.979184 1.691459
H 2.175330 0.706807 1.676761
H -1.344428 -1.850446 1.676761
H 1.344428 -1.850446 1.676761
C 1.151100 0.374015 -1.691459
C 0.711419 -0.979184 -1.691459
C 0.000000 1.210338 -1.691459
H 2.175330 0.706807 -1.676761
C -0.711419 -0.979184 -1.691459
H 1.344428 -1.850446 -1.676761
C -1.151100 0.374015 -1.691459
H 0.000000 2.287277 -1.676761
H -1.344428 -1.850446 -1.676761
H -2.175330 0.706807 -1.676761
%end
 
