%molecule
0 1
Mn 0.074830 0.001058 0.000000
C -1.742182 -1.212393 0.000000
C -1.748297 -0.371186 1.145949
C -1.748297 -0.371186 -1.145949
H -1.754758 -2.288585 0.000000
C -1.748297 0.974024 0.713404
H -1.746396 -0.702778 2.170797
C -1.748297 0.974024 -0.713404
H -1.746396 -0.702778 -2.170797
H -1.757140 1.843947 1.347699
H -1.757140 1.843947 -1.347699
C 1.073055 -0.755244 -1.303287
O 1.673973 -1.247456 -2.147196
C 1.073055 -0.755244 1.303287
O 1.673973 -1.247456 2.147196
C 1.063591 1.513735 0.000000
O 1.657689 2.494988 0.000000
%end
 
