%molecule
0 1
Ni 0.000000 0.000000 0.000000
P 1.228235 1.228235 1.228235
P -1.228235 -1.228235 1.228235
P 1.228235 -1.228235 -1.228235
P -1.228235 1.228235 -1.228235
F -2.229819 2.229819 -0.556291
F -2.229819 0.556291 -2.229819
F -0.556291 2.229819 -2.229819
F 0.556291 -2.229819 -2.229819
F 2.229819 -0.556291 -2.229819
F 2.229819 -2.229819 -0.556291
F 2.229819 2.229819 0.556291
F 2.229819 0.556291 2.229819
F 0.556291 2.229819 2.229819
F -0.556291 -2.229819 2.229819
F -2.229819 -0.556291 2.229819
F -2.229819 -2.229819 0.556291
%end
 
