%molecule
0 1
Sc 0.000000 0.000000 0.000000
C -1.481317 -2.239667 0.000000
C -1.821616 -1.488508 1.139257
C -1.821616 -1.488508 -1.139257
H -0.995406 -3.199468 0.000000
C -2.439661 -0.289962 0.703480
H -1.687460 -1.792946 2.165586
C -2.439661 -0.289962 -0.703480
H -1.687460 -1.792946 -2.165586
H -2.854718 0.470021 1.342776
H -2.854718 0.470021 -1.342776
C 2.680267 -0.163024 0.000000
C 2.199894 -0.833312 1.139257
C 2.199894 -0.833312 -1.139257
H 3.268524 0.737687 0.000000
C 1.470945 -1.967828 0.703480
H 2.396467 -0.564910 2.165586
C 1.470945 -1.967828 -0.703480
H 2.396467 -0.564910 -2.165586
H 1.020309 -2.707269 1.342776
H 1.020309 -2.707269 -1.342776
C -1.198950 2.402692 0.000000
C -0.378278 2.321820 1.139257
C -0.378278 2.321820 -1.139257
H -2.273118 2.461781 0.000000
C 0.968717 2.257790 0.703480
H -0.709007 2.357856 2.165586
C 0.968717 2.257790 -0.703480
H -0.709007 2.357856 -2.165586
H 1.834409 2.237248 1.342776
H 1.834409 2.237248 -1.342776
%end
 
