%molecule
0 1
Zn 0.000000 0.000000 0.228985
C 0.000000 1.974107 0.229129
H -0.871340 2.310393 -0.343427
H -0.177123 2.311362 1.256236
C 1.267996 2.646373 -0.322062
H 1.451324 2.316087 -1.348902
H 2.142230 2.324543 0.251660
C 1.201261 4.175950 -0.301603
H 1.059936 4.546390 0.716005
H 2.114680 4.625647 -0.697533
H 0.363310 4.537311 -0.901589
C 0.000000 -1.974107 0.229129
H 0.177123 -2.311362 1.256236
H 0.871340 -2.310393 -0.343427
C -1.267996 -2.646373 -0.322062
H -1.451324 -2.316087 -1.348902
H -2.142230 -2.324543 0.251660
C -1.201261 -4.175950 -0.301603
H -2.114680 -4.625647 -0.697533
H -0.363310 -4.537311 -0.901589
H -1.059936 -4.546390 0.716005
%end
 
