$coord
   -1.24562816099584      0.56807525887189      0.00000000000000      c
    1.18052058424931     -0.58201489421712      0.00000000000000      c
    3.17059743215182      0.63620106269390      0.00000000000000      o
   -1.39154413955608      2.60933271825880      0.00000000000000      h
   -2.95148468133185     -0.56269088399588      0.00000000000000      h
    1.23753896548265     -2.66890326161159      0.00000000000000      h
$redundant
     number_of_atoms             6
     degrees_of_freedom          9
     internal_coordinates        9
     frozen_coordinates          0
# definitions of redundant internals
   1 k  1.0000000000000 stre    2    3           val=   2.33334
   2 k  1.0000000000000 stre    2    6           val=   2.08767
   3 k  1.0000000000000 stre    1    4           val=   2.04647
   4 k  1.0000000000000 stre    1    5           val=   2.04660
   5 k  1.0000000000000 stre    1    2           val=   2.68494
   6 k -0.8163994801263 bend    5    4    1      val=   0.42306
        0.3972948495484 bend    2    4    1
        0.4191046305779 bend    2    5    1
   7 k  0.8021250828625 bend    6    3    2      val=   0.44421
       -0.2689772902404 bend    1    3    2
       -0.5331477926221 bend    1    6    2
   8 k  0.0125918829484 bend    5    4    1      val=   0.80863
       -0.7133186309000 bend    2    4    1
        0.7007267479516 bend    2    5    1
   9 k  0.1525189106621 bend    6    3    2      val=  -2.82357
       -0.7709201541026 bend    1    3    2
        0.6184012434406 bend    1    6    2
         9 non zero eigenvalues  of BmBt
           1           4.048615978    1    0
         1
           2           3.872696249    2    0
         2
           3           2.571199196    3    0
         3
           4           2.293110062    4    0
         4
           5           0.914467016    5    0
         5
           6           0.862943625    6    0
         6
           7           0.616465517    7    0
         7
           8           0.378886656    8    0
         8
           9           0.256589056    9    0
         9
$user-defined bonds
$end
