$coord
   -1.38948638015027      1.00568588937844      0.00000000000000      c
    0.51189146738878     -0.97390033139763      0.00000000000000      c
    3.80186235692738      0.47986936629632      0.00000000000000      cl
   -1.97654045702614      1.87679833815273     -1.75435829630816      h
   -1.97654045702614      1.87679833815273      1.75435829630816      h
    0.51440673494318     -2.13262580029128     -1.69335838023019      h
    0.51440673494318     -2.13262580029128      1.69335838023019      h
$redundant
     number_of_atoms             7
     degrees_of_freedom          9
     internal_coordinates        9
     frozen_coordinates          0
# definitions of redundant internals
   1 k  1.0000000000000 outp    4    2    5    1 val= -10.08910
   2 k  1.0000000000000 stre    2    3           val=   3.59685
   3 k  1.0000000000000 stre    1    2           val=   2.74481
   4 k  0.8169486416084 bend    5    4    1      val=  -1.01570
       -0.4077958539357 bend    2    4    1
       -0.4077958539357 bend    2    5    1
   5 k  1.0000000000000 stre    2    6           val=   2.05186
   6 k  0.6227421866196 bend    7    6    2      val=   3.42445
        0.2943639473797 bend    3    6    2
        0.2943639473797 bend    3    7    2
       -0.4523757801614 bend    1    6    2
       -0.4523757801614 bend    1    7    2
       -0.1720587371136 bend    1    3    2
   7 k  1.0000000000000 stre    1    5           val=   2.04481
   8 k -0.6209015346053 bend    7    6    2      val=   4.81276
        0.4284586748772 bend    3    6    2
        0.4284586748772 bend    3    7    2
       -0.2219302902176 bend    1    6    2
       -0.2219302902176 bend    1    7    2
        0.3857739036504 bend    1    3    2
   9 k  0.2249471372903 bend    7    6    2      val=   2.12196
       -0.3116543068962 bend    3    6    2
       -0.3116543068962 bend    3    7    2
       -0.2038616036431 bend    1    6    2
       -0.2038616036431 bend    1    7    2
        0.8197700070941 bend    1    3    2
         9 non zero eigenvalues  of BmBt
           1           5.368851334    1    0
         1
           2           3.894718880    2    0
         2
           3           2.521307540    3    0
         3
           4           2.256637362    4    0
         4
           5           0.913753048    5    0
         5
           6           0.854341335    6    0
         6
           7           0.619820691    7    0
         7
           8           0.354287617    8    0
         8
           9           0.174489911    9    0
         9
$user-defined bonds
$end
