$coord
   -3.79260589484144      0.00431016314233      0.76594733183109      c
   -1.45749133433093      0.02730433040617     -0.68154064485958      c
    0.73416018642354      0.07216940467700      0.70893411503611      n
   -1.43491473436232      0.02773586857561     -3.00731400905592      o
    0.63374873351871     -0.09122853926780      2.60034764562112      h
    3.19514003442160     -0.00316821715607     -0.49686843009706      c
   -3.82706514263218      0.00773462271312      2.81227653084780      h
   -5.55385033694411     -0.01572207018247     -0.26405803628461      h
    3.22548451756396      1.30516037476105     -2.08694096298968      h
    3.64563460338392     -1.88848162040121     -1.21965137539011      h
    4.63175936779923      0.55418568273222      0.86886783534089      h
$redundant
     number_of_atoms            11
     degrees_of_freedom         27
     internal_coordinates       27
     frozen_coordinates          0
# definitions of redundant internals
   1 k  1.0000000000000 stre    2    4           val=   2.32588
   2 k  0.7071079741398 bend    3    4    2      val=  -0.25872
       -0.7071055882313 bend    1    4    2
   3 k  1.0000000000000 outp    4    1    3    2 val=   0.48742
   4 k  1.0000000000000 stre    3    5           val=   1.90111
   5 k  0.7073651000275 bend    2    5    3      val=   0.18095
       -0.7068483679426 bend    6    5    3
   6 k  1.0000000000000 outp    5    6    2    3 val=  -7.55336
   7 k  1.0000000000000 tors    8    1    2    3 val=  89.53449
        1.0000000000000 tors    7    1    2    3
   8 k  1.0000000000000 stre    1    8           val=   2.04042
   9 k  1.0000000000000 stre    1    7           val=   2.04662
  10 k -0.8159559052420 bend    7    8    1      val=   0.56082
        0.3822494799458 bend    2    8    1
        0.4337064626933 bend    2    7    1
  11 k  0.0297092064227 bend    7    8    1      val=   2.36371
       -0.7214924009416 bend    2    8    1
        0.6917847052640 bend    2    7    1
  12 k  1.0000000000000 outp    7    8    2    1 val=  -0.03352
  13 k  1.0000000000000 tors   11    6    3    2 val=  45.31143
        1.0000000000000 tors    9    6    3    2
        1.0000000000000 tors   10    6    3    2
  14 k  1.0000000000000 stre    6   11           val=   2.05907
  15 k  1.0000000000000 stre    6    9           val=   2.05936
  16 k  1.0000000000000 stre    6   10           val=   2.06876
  17 k  0.4069834204386 bend    9   11    6      val=   0.71996
        0.4334223197296 bend   10   11    6
        0.4002154466069 bend   10    9    6
       -0.3943586211317 bend    3   11    6
       -0.4105291191253 bend    3    9    6
       -0.4028452616513 bend    3   10    6
  18 k  0.2300052527268 bend    9   11    6      val=   0.21347
        0.4268467200825 bend   10   11    6
       -0.6832167005121 bend   10    9    6
        0.4482453106887 bend    3   11    6
       -0.2763180178527 bend    3    9    6
       -0.1443568352031 bend    3   10    6
  19 k  0.7106694034458 bend    9   11    6      val=   1.05200
       -0.5624443118583 bend   10   11    6
       -0.1171204905230 bend   10    9    6
        0.0493152490829 bend    3   11    6
        0.2552601621995 bend    3    9    6
       -0.3119269811440 bend    3   10    6
  20 k  0.1261788518949 bend    9   11    6      val=   1.03797
        0.3081056006505 bend   10   11    6
       -0.4321568416579 bend   10    9    6
       -0.6601621806568 bend    3   11    6
        0.4822398496619 bend    3    9    6
        0.1844476159213 bend    3   10    6
  21 k  0.3231276142420 bend    9   11    6      val=   1.07653
       -0.2304960634244 bend   10   11    6
       -0.0878286609779 bend   10    9    6
       -0.1809424066764 bend    3   11    6
       -0.5376281881994 bend    3    9    6
        0.7162136641328 bend    3   10    6
  22 k  1.0000000000000 tors    1    2    3    6 val= 177.49386
  23 k  1.0000000000000 stre    2    1           val=   2.74746
  24 k  1.0000000000000 bend    3    1    2      val= 115.81746
  25 k  1.0000000000000 stre    3    6           val=   2.74154
  26 k  1.0000000000000 bend    2    6    3      val= 121.45346
  27 k  1.0000000000000 stre    2    3           val=   2.59591
        27 non zero eigenvalues  of BmBt
           1           6.707981895    1    0
         1
           2           4.327139325    2    0
         2
           3           3.981946491    3    0
         3
           4           3.688489726    4    0
         4
           5           3.568422940    5    0
         5
           6           3.452682893    6    0
         6
           7           2.754358392    7    0
         7
           8           2.476753790    8    0
         8
           9           2.356274644    9    0
         9
          10           2.136108385   10    0
        10
          11           1.453421960   11    0
        11
          12           0.943498876   12    0
        12
          13           0.905380274   13    0
        13
          14           0.881708589   14    0
        14
          15           0.700181257   15    0
        15
          16           0.697225790   16    0
        16
          17           0.644090807   17    0
        17
          18           0.496039751   18    0
        18
          19           0.377717426   19    0
        19
          20           0.320952952   20    0
        20
          21           0.314296391   21    0
        21
          22           0.291186712   22    0
        22
          23           0.289920899   23    0
        23
          24           0.253606933   24    0
        24
          25           0.094026223   25    0
        25
          26           0.061817537   26    0
        26
          27           0.037302334   27    0
        27
$user-defined bonds
$end
